! Ref profile made by /home/sergio/OTHERSTUFF/klayersV205_Mars/Data/mars_sergio_rtp.m 
! lay   number   p(atm)   pp(atm)   T(K)   q(kmol/cm2) 
!----------------------------------------------------- 
  1  0.0127252 2.0346035e-05 248.7894745 3.1432247e-14 
  1  0.0125153 2.0010315e-05 248.6050720 3.1690589e-14 
  1  0.0123038 1.9672449e-05 248.4161072 3.1928345e-14 
  1  0.0120909 1.9331817e-05 248.2225037 3.2146960e-14 
  1  0.0118766 1.8989256e-05 248.0241547 3.2346670e-14 
  1  0.0116610 1.8644647e-05 247.8211365 3.2527075e-14 
  1  0.0114444 1.8298264e-05 247.6131897 3.2685595e-14 
  1  0.0112269 1.7950555e-05 247.4004059 3.2824909e-14 
  1  0.0110085 1.7601367e-05 247.1826172 3.2943625e-14 
  1  0.0107895 1.7251064e-05 246.9597626 3.3043450e-14 
  1  0.0105699 1.6900049e-05 246.7317505 3.3123843e-14 
  1  0.0103499 1.6548223e-05 246.4985046 3.3182340e-14 
  1  0.0101296 1.6196202e-05 246.2599945 3.3220104e-14 
  1  0.0099092 1.5843782e-05 246.0160522 3.3241767e-14 
  1  0.0096888 1.5491276e-05 245.7666321 3.3238281e-14 
  1  0.0094685 1.5139154e-05 245.5116272 3.3220168e-14 
  1  0.0092485 1.4787318e-05 245.2509460 3.3176698e-14 
  1  0.0090289 1.4436156e-05 244.9844360 3.3118500e-14 
  1  0.0088098 1.4085821e-05 244.7120667 3.3036867e-14 
  1  0.0085913 1.3736627e-05 244.4336243 3.2938828e-14 
  1  0.0083737 1.3388613e-05 244.1491089 3.2818552e-14 
  1  0.0081570 1.3042035e-05 243.8583069 3.2680391e-14 
  1  0.0079413 1.2697164e-05 243.5610962 3.2523155e-14 
  1  0.0077267 1.2354138e-05 243.2574768 3.2346609e-14 
  1  0.0075135 1.2013199e-05 242.9471741 3.2152032e-14 
  1  0.0073017 1.1674523e-05 242.6300507 3.1939820e-14 
  1  0.0070914 1.1338279e-05 242.3060608 3.1706710e-14 
  1  0.0068828 1.1004731e-05 241.9749146 3.1457201e-14 
  1  0.0066759 1.0674014e-05 241.6365967 3.1191226e-14 
  1  0.0064709 1.0346329e-05 241.2908478 3.0906081e-14 
  1  0.0062680 1.0021788e-05 240.9374847 3.0604246e-14 
  1  0.0060671 9.7006696e-06 240.5763855 3.0287560e-14 
  1  0.0058685 9.3831177e-06 240.2073059 2.9951315e-14 
  1  0.0056723 9.0692847e-06 239.8301086 2.9600129e-14 
  1  0.0054784 8.7593507e-06 239.4445496 2.9235461e-14 
  1  0.0052871 8.4534831e-06 239.0504608 2.8852798e-14 
  1  0.0050984 8.1518483e-06 238.6475525 2.8456529e-14 
  1  0.0049125 7.8545527e-06 238.2356110 2.8045119e-14 
  1  0.0047294 7.5618132e-06 237.8144531 2.7620015e-14 
  1  0.0045492 7.2736925e-06 237.3837433 2.7182897e-14 
  1  0.0043720 6.9903995e-06 236.9432373 2.6729136e-14 
  1  0.0041979 6.7120259e-06 236.4926758 2.6267649e-14 
  1  0.0040270 6.4387227e-06 236.0317230 2.5789477e-14 
  1  0.0038593 6.1706037e-06 235.5600891 2.5302043e-14 
  1  0.0036949 5.9078397e-06 234.7834473 2.4803910e-14 
  1  0.0035339 5.6504268e-06 233.6901093 2.4295041e-14 
  1  0.0033764 5.3985359e-06 232.6097565 2.3775398e-14 
  1  0.0032223 5.1522293e-06 231.5431366 2.3247778e-14 
  1  0.0030719 4.9116325e-06 230.4564514 2.2710929e-14 
  1  0.0029250 4.6768309e-06 229.3491211 2.2164662e-14 
  1  0.0027818 4.4479011e-06 228.2207947 2.1611997e-14 
  1  0.0026424 4.2248994e-06 227.0708160 2.1052824e-14 
  1  0.0025066 4.0079108e-06 225.8988647 2.0485785e-14 
  1  0.0023747 3.7969808e-06 224.7042389 1.9915373e-14 
  1  0.0022466 3.5921473e-06 223.4864655 1.9339890e-14 
  1  0.0021223 3.3934652e-06 222.2448425 1.8758043e-14 
  1  0.0020020 3.2009759e-06 220.9788818 1.8175818e-14 
  1  0.0018854 3.0146932e-06 219.6876678 1.7588156e-14 
  1  0.0017728 2.8346506e-06 218.3710175 1.6998791e-14 
  1  0.0016641 2.6608586e-06 217.0278931 1.6410455e-14 
  1  0.0015594 2.4933074e-06 215.6576691 1.5818313e-14 
  1  0.0014585 2.3320094e-06 214.2592926 1.5228821e-14 
  1  0.0013615 2.1769472e-06 212.8324585 1.4637195e-14 
  1  0.0012684 2.0281034e-06 211.3757935 1.4051014e-14 
  1  0.0011792 1.8854448e-06 209.8887482 1.3465910e-14 
  1  0.0010938 1.7489366e-06 208.3701782 1.2883065e-14 
  1  0.0010123 1.6185428e-06 206.8194427 1.2304217e-14 
  1  0.0009345 1.4942148e-06 205.2350006 1.1730801e-14 
  1  0.0008605 1.3758784e-06 203.6162720 1.1162875e-14 
  1  0.0007902 1.2634708e-06 201.9615021 1.0601796e-14 
  1  0.0007235 1.1569093e-06 200.2700195 1.0047685e-14 
  1  0.0006605 1.0561248e-06 198.5400848 9.4990468e-15 
  1  0.0006010 9.6101905e-07 196.7711792 8.9618762e-15 
  1  0.0005450 8.7148021e-07 194.9605408 8.4347549e-15 
  1  0.0004924 7.8740618e-07 193.1080475 7.9145302e-15 
  1  0.0004432 7.0869163e-07 191.2111816 7.4073590e-15 
  1  0.0003972 6.3519224e-07 189.2689819 6.9132373e-15 
  1  0.0003545 5.6679113e-07 187.2787628 6.4276113e-15 
  1  0.0003148 5.0334359e-07 185.2400208 5.9596772e-15 
  1  0.0002781 4.4469667e-07 183.1489258 5.5032802e-15 
  1  0.0002443 3.9070258e-07 181.0055084 5.0615635e-15 
  1  0.0002134 3.4120862e-07 178.8059692 4.6344548e-15 
  1  0.0001851 2.9603621e-07 176.5500336 4.2251244e-15 
  1  0.0001595 2.5500873e-07 174.2325897 3.8320546e-15 
  1  0.0001363 2.1794814e-07 171.8544159 3.4552488e-15 
  1  0.0001155 1.8467736e-07 169.4103699 3.0962497e-15 
  1  0.0000969 1.5499448e-07 166.9014435 2.7567198e-15 
  1  0.0000805 1.2870665e-07 164.3209534 2.4350726e-15 
  1  0.0000660 1.0561239e-07 161.6725159 2.1329317e-15 
  1  0.0000535 8.5510820e-08 158.9487457 1.8503136e-15 
  1  0.0000426 6.8183994e-08 156.1553802 1.5888589e-15 
  1  0.0000334 5.3423939e-08 153.2835541 1.3470381e-15 
  1  0.0000256 4.1020982e-08 150.3478241 1.1249051e-15 
  1  0.0000192 3.0766117e-08 147.3406982 9.2408182e-16 
  1  0.0000140 2.2433539e-08 144.2887726 7.4464731e-16 
  1  0.0000099 1.5815566e-08 141.1882782 5.8509854e-16 
  1  0.0000067 1.0693372e-08 138.1019287 4.4708035e-16 
  1  0.0000043 6.8590351e-09 135.0406036 3.2911134e-16 
  1  0.0000026 4.1123971e-09 131.9636993 2.2967947e-16 
  1  0.0000014 2.2464890e-09 129.3316040 1.5208338e-16 
