! Ref profile made by /home/sergio/OTHERSTUFF/klayersV205_Mars/Data/mars_sergio_rtp.m 
! lay   number   p(atm)   pp(atm)   T(K)   q(kmol/cm2) 
!----------------------------------------------------- 
  1  0.0127252 1.2080460e-02 248.7894745 1.8662901e-11 
  1  0.0125153 1.1881123e-02 248.6050720 1.8816285e-11 
  1  0.0123038 1.1680516e-02 248.4161072 1.8957455e-11 
  1  0.0120909 1.1478266e-02 248.2225037 1.9087258e-11 
  1  0.0118766 1.1274872e-02 248.0241547 1.9205837e-11 
  1  0.0116610 1.1070259e-02 247.8211365 1.9312952e-11 
  1  0.0114444 1.0864595e-02 247.6131897 1.9407071e-11 
  1  0.0112269 1.0658143e-02 247.4004059 1.9489790e-11 
  1  0.0110085 1.0450812e-02 247.1826172 1.9560277e-11 
  1  0.0107895 1.0242819e-02 246.9597626 1.9619547e-11 
  1  0.0105699 1.0034406e-02 246.7317505 1.9667283e-11 
  1  0.0103499 9.8255062e-03 246.4985046 1.9702013e-11 
  1  0.0101296 9.6164951e-03 246.2599945 1.9724437e-11 
  1  0.0099092 9.4072456e-03 246.0160522 1.9737300e-11 
  1  0.0096888 9.1979466e-03 245.7666321 1.9735233e-11 
  1  0.0094685 8.9888731e-03 245.5116272 1.9724477e-11 
  1  0.0092485 8.7799700e-03 245.2509460 1.9698665e-11 
  1  0.0090289 8.5714674e-03 244.9844360 1.9664111e-11 
  1  0.0088098 8.3634537e-03 244.7120667 1.9615637e-11 
  1  0.0085913 8.1561217e-03 244.4336243 1.9557429e-11 
  1  0.0083737 7.9494882e-03 244.1491089 1.9486015e-11 
  1  0.0081570 7.7437083e-03 243.8583069 1.9403984e-11 
  1  0.0079413 7.5389408e-03 243.5610962 1.9310624e-11 
  1  0.0077267 7.3352698e-03 243.2574768 1.9205798e-11 
  1  0.0075135 7.1328375e-03 242.9471741 1.9090271e-11 
  1  0.0073017 6.9317478e-03 242.6300507 1.8964266e-11 
  1  0.0070914 6.7321025e-03 242.3060608 1.8825859e-11 
  1  0.0068828 6.5340577e-03 241.9749146 1.8677712e-11 
  1  0.0066759 6.3376953e-03 241.6365967 1.8519790e-11 
  1  0.0064709 6.1431327e-03 241.2908478 1.8350484e-11 
  1  0.0062680 5.9504360e-03 240.9374847 1.8171268e-11 
  1  0.0060671 5.7597728e-03 240.5763855 1.7983240e-11 
  1  0.0058685 5.5712257e-03 240.2073059 1.7783591e-11 
  1  0.0056723 5.3848899e-03 239.8301086 1.7575080e-11 
  1  0.0054784 5.2008643e-03 239.4445496 1.7358556e-11 
  1  0.0052871 5.0192559e-03 239.0504608 1.7131350e-11 
  1  0.0050984 4.8401589e-03 238.6475525 1.6896061e-11 
  1  0.0049125 4.6636406e-03 238.2356110 1.6651789e-11 
  1  0.0047294 4.4898260e-03 237.8144531 1.6399382e-11 
  1  0.0045492 4.3187561e-03 237.3837433 1.6139846e-11 
  1  0.0043720 4.1505499e-03 236.9432373 1.5870423e-11 
  1  0.0041979 3.9852648e-03 236.4926758 1.5596417e-11 
  1  0.0040270 3.8229916e-03 236.0317230 1.5312501e-11 
  1  0.0038593 3.6637955e-03 235.5600891 1.5023087e-11 
  1  0.0036949 3.5077792e-03 234.7834473 1.4727320e-11 
  1  0.0035339 3.3549410e-03 233.6901093 1.4425182e-11 
  1  0.0033764 3.2053811e-03 232.6097565 1.4116643e-11 
  1  0.0032223 3.0591362e-03 231.5431366 1.3803369e-11 
  1  0.0030719 2.9162820e-03 230.4564514 1.3484615e-11 
  1  0.0029250 2.7768682e-03 229.3491211 1.3160267e-11 
  1  0.0027818 2.6409416e-03 228.2207947 1.2832123e-11 
  1  0.0026424 2.5085339e-03 227.0708160 1.2500113e-11 
  1  0.0025066 2.3796975e-03 225.8988647 1.2163436e-11 
  1  0.0023747 2.2544572e-03 224.7042389 1.1824752e-11 
  1  0.0022466 2.1328372e-03 223.4864655 1.1483059e-11 
  1  0.0021223 2.0148696e-03 222.2448425 1.1137587e-11 
  1  0.0020020 1.9005797e-03 220.9788818 1.0791892e-11 
  1  0.0018854 1.7899739e-03 219.6876678 1.0442968e-11 
  1  0.0017728 1.6830737e-03 218.3710175 1.0093032e-11 
  1  0.0016641 1.5798848e-03 217.0278931 9.7437076e-12 
  1  0.0015594 1.4804011e-03 215.6576691 9.3921234e-12 
  1  0.0014585 1.3846307e-03 214.2592926 9.0421143e-12 
  1  0.0013615 1.2925623e-03 212.8324585 8.6908345e-12 
  1  0.0012684 1.2041866e-03 211.3757935 8.3427891e-12 
  1  0.0011792 1.1194828e-03 209.8887482 7.9953839e-12 
  1  0.0010938 1.0384312e-03 208.3701782 7.6493204e-12 
  1  0.0010123 9.6100988e-04 206.8194427 7.3056292e-12 
  1  0.0009345 8.8719017e-04 205.2350006 6.9651637e-12 
  1  0.0008605 8.1692758e-04 203.6162720 6.6279556e-12 
  1  0.0007902 7.5018586e-04 201.9615021 6.2948162e-12 
  1  0.0007235 6.8691489e-04 200.2700195 5.9658129e-12 
  1  0.0006605 6.2707404e-04 198.5400848 5.6400587e-12 
  1  0.0006010 5.7060510e-04 196.7711792 5.3211142e-12 
  1  0.0005450 5.1744137e-04 194.9605408 5.0081358e-12 
  1  0.0004924 4.6752239e-04 193.1080475 4.6992523e-12 
  1  0.0004432 4.2078571e-04 191.2111816 4.3981195e-12 
  1  0.0003972 3.7714533e-04 189.2689819 4.1047343e-12 
  1  0.0003545 3.3653231e-04 187.2787628 3.8163947e-12 
  1  0.0003148 2.9886025e-04 185.2400208 3.5385583e-12 
  1  0.0002781 2.6403862e-04 183.1489258 3.2675724e-12 
  1  0.0002443 2.3197962e-04 181.0055084 3.0053030e-12 
  1  0.0002134 2.0259262e-04 178.8059692 2.7517075e-12 
  1  0.0001851 1.7577149e-04 176.5500336 2.5086678e-12 
  1  0.0001595 1.5141144e-04 174.2325897 2.2752826e-12 
  1  0.0001363 1.2940673e-04 171.8544159 2.0515540e-12 
  1  0.0001155 1.0965220e-04 169.4103699 1.8383986e-12 
  1  0.0000969 9.2027964e-05 166.9014435 1.6368022e-12 
  1  0.0000805 7.6419572e-05 164.3209534 1.4458244e-12 
  1  0.0000660 6.2707360e-05 161.6725159 1.2664282e-12 
  1  0.0000535 5.0772051e-05 158.9487457 1.0986237e-12 
  1  0.0000426 4.0484243e-05 156.1553802 9.4338491e-13 
  1  0.0000334 3.1720465e-05 153.2835541 7.9980396e-13 
  1  0.0000256 2.4356204e-05 150.3478241 6.6791229e-13 
  1  0.0000192 1.8267383e-05 147.3406982 5.4867363e-13 
  1  0.0000140 1.3319914e-05 144.2887726 4.4213434e-13 
  1  0.0000099 9.3904937e-06 141.1882782 3.4740228e-13 
  1  0.0000067 6.3491898e-06 138.1019287 2.6545395e-13 
  1  0.0000043 4.0725522e-06 135.0406036 1.9540985e-13 
  1  0.0000026 2.4417361e-06 131.9636993 1.3637220e-13 
  1  0.0000014 1.3338529e-06 129.3316040 9.0299513e-14 
