! Ref profile made by /home/sergio/OTHERSTUFF/klayersV205_Mars/Data/mars_sergio_rtp.m 
! lay   number   p(atm)   pp(atm)   T(K)   q(kmol/cm2) 
!----------------------------------------------------- 
  1  0.0127252 1.2716272e-06 248.7894745 1.9645155e-15 
  1  0.0125153 1.2506447e-06 248.6050720 1.9806618e-15 
  1  0.0123038 1.2295280e-06 248.4161072 1.9955215e-15 
  1  0.0120909 1.2082386e-06 248.2225037 2.0091850e-15 
  1  0.0118766 1.1868285e-06 248.0241547 2.0216669e-15 
  1  0.0116610 1.1652904e-06 247.8211365 2.0329422e-15 
  1  0.0114444 1.1436415e-06 247.6131897 2.0428497e-15 
  1  0.0112269 1.1219097e-06 247.4004059 2.0515568e-15 
  1  0.0110085 1.1000855e-06 247.1826172 2.0589766e-15 
  1  0.0107895 1.0781915e-06 246.9597626 2.0652156e-15 
  1  0.0105699 1.0562530e-06 246.7317505 2.0702402e-15 
  1  0.0103499 1.0342640e-06 246.4985046 2.0738962e-15 
  1  0.0101296 1.0122626e-06 246.2599945 2.0762565e-15 
  1  0.0099092 9.9023634e-07 246.0160522 2.0776105e-15 
  1  0.0096888 9.6820474e-07 245.7666321 2.0773926e-15 
  1  0.0094685 9.4619713e-07 245.5116272 2.0762605e-15 
  1  0.0092485 9.2420737e-07 245.2509460 2.0735436e-15 
  1  0.0090289 9.0225973e-07 244.9844360 2.0699063e-15 
  1  0.0088098 8.8036381e-07 244.7120667 2.0648042e-15 
  1  0.0085913 8.5853918e-07 244.4336243 2.0586767e-15 
  1  0.0083737 8.3678833e-07 244.1491089 2.0511595e-15 
  1  0.0081570 8.1512718e-07 243.8583069 2.0425244e-15 
  1  0.0079413 7.9357272e-07 243.5610962 2.0326972e-15 
  1  0.0077267 7.7213360e-07 243.2574768 2.0216631e-15 
  1  0.0075135 7.5082494e-07 242.9471741 2.0095020e-15 
  1  0.0073017 7.2965770e-07 242.6300507 1.9962388e-15 
  1  0.0070914 7.0864246e-07 242.3060608 1.9816694e-15 
  1  0.0068828 6.8779570e-07 241.9749146 1.9660751e-15 
  1  0.0066759 6.6712585e-07 241.6365967 1.9494516e-15 
  1  0.0064709 6.4664556e-07 241.2908478 1.9316300e-15 
  1  0.0062680 6.2636173e-07 240.9374847 1.9127654e-15 
  1  0.0060671 6.0629185e-07 240.5763855 1.8929725e-15 
  1  0.0058685 5.8644486e-07 240.2073059 1.8719572e-15 
  1  0.0056723 5.6683029e-07 239.8301086 1.8500080e-15 
  1  0.0054784 5.4745942e-07 239.4445496 1.8272163e-15 
  1  0.0052871 5.2834270e-07 239.0504608 1.8032999e-15 
  1  0.0050984 5.0949052e-07 238.6475525 1.7785331e-15 
  1  0.0049125 4.9090954e-07 238.2356110 1.7528199e-15 
  1  0.0047294 4.7261332e-07 237.8144531 1.7262509e-15 
  1  0.0045492 4.5460578e-07 237.3837433 1.6989310e-15 
  1  0.0043720 4.3689997e-07 236.9432373 1.6705710e-15 
  1  0.0041979 4.1950162e-07 236.4926758 1.6417280e-15 
  1  0.0040270 4.0242017e-07 236.0317230 1.6118423e-15 
  1  0.0038593 3.8566273e-07 235.5600891 1.5813777e-15 
  1  0.0036949 3.6923998e-07 234.7834473 1.5502444e-15 
  1  0.0035339 3.5315168e-07 233.6901093 1.5184401e-15 
  1  0.0033764 3.3740849e-07 232.6097565 1.4859624e-15 
  1  0.0032223 3.2201433e-07 231.5431366 1.4529861e-15 
  1  0.0030719 3.0697703e-07 230.4564514 1.4194330e-15 
  1  0.0029250 2.9230193e-07 229.3491211 1.3852914e-15 
  1  0.0027818 2.7799382e-07 228.2207947 1.3507498e-15 
  1  0.0026424 2.6405621e-07 227.0708160 1.3158015e-15 
  1  0.0025066 2.5049442e-07 225.8988647 1.2803616e-15 
  1  0.0023747 2.3731130e-07 224.7042389 1.2447108e-15 
  1  0.0022466 2.2450921e-07 223.4864655 1.2087431e-15 
  1  0.0021223 2.1209158e-07 222.2448425 1.1723777e-15 
  1  0.0020020 2.0006100e-07 220.9788818 1.1359886e-15 
  1  0.0018854 1.8841833e-07 219.6876678 1.0992598e-15 
  1  0.0017728 1.7716566e-07 218.3710175 1.0624244e-15 
  1  0.0016641 1.6630366e-07 217.0278931 1.0256535e-15 
  1  0.0015594 1.5583171e-07 215.6576691 9.8864457e-16 
  1  0.0014585 1.4575059e-07 214.2592926 9.5180129e-16 
  1  0.0013615 1.3605920e-07 212.8324585 9.1482470e-16 
  1  0.0012684 1.2675646e-07 211.3757935 8.7818835e-16 
  1  0.0011792 1.1784030e-07 209.8887482 8.4161940e-16 
  1  0.0010938 1.0930854e-07 208.3701782 8.0519153e-16 
  1  0.0010123 1.0115892e-07 206.8194427 7.6901359e-16 
  1  0.0009345 9.3388422e-08 205.2350006 7.3317504e-16 
  1  0.0008605 8.5992397e-08 203.6162720 6.9767970e-16 
  1  0.0007902 7.8966927e-08 201.9615021 6.6261228e-16 
  1  0.0007235 7.2306833e-08 200.2700195 6.2798033e-16 
  1  0.0006605 6.6007800e-08 198.5400848 5.9369042e-16 
  1  0.0006010 6.0063691e-08 196.7711792 5.6011727e-16 
  1  0.0005450 5.4467513e-08 194.9605408 5.2717218e-16 
  1  0.0004924 4.9212886e-08 193.1080475 4.9465814e-16 
  1  0.0004432 4.4293227e-08 191.2111816 4.6295994e-16 
  1  0.0003972 3.9699515e-08 189.2689819 4.3207733e-16 
  1  0.0003545 3.5424446e-08 187.2787628 4.0172570e-16 
  1  0.0003148 3.1458974e-08 185.2400208 3.7247983e-16 
  1  0.0002781 2.7793542e-08 183.1489258 3.4395501e-16 
  1  0.0002443 2.4418911e-08 181.0055084 3.1634772e-16 
  1  0.0002134 2.1325539e-08 178.8059692 2.8965342e-16 
  1  0.0001851 1.8502263e-08 176.5500336 2.6407028e-16 
  1  0.0001595 1.5938046e-08 174.2325897 2.3950341e-16 
  1  0.0001363 1.3621759e-08 171.8544159 2.1595305e-16 
  1  0.0001155 1.1542335e-08 169.4103699 1.9351561e-16 
  1  0.0000969 9.6871551e-09 166.9014435 1.7229499e-16 
  1  0.0000805 8.0441653e-09 164.3209534 1.5219203e-16 
  1  0.0000660 6.6007746e-09 161.6725159 1.3330823e-16 
  1  0.0000535 5.3444262e-09 158.9487457 1.1564460e-16 
  1  0.0000426 4.2614996e-09 156.1553802 9.9303681e-17 
  1  0.0000334 3.3389962e-09 153.2835541 8.4189880e-17 
  1  0.0000256 2.5638114e-09 150.3478241 7.0306567e-17 
  1  0.0000192 1.9228823e-09 147.3406982 5.7755114e-17 
  1  0.0000140 1.4020962e-09 144.2887726 4.6540457e-17 
  1  0.0000099 9.8847286e-10 141.1882782 3.6568659e-17 
  1  0.0000067 6.6833578e-10 138.1019287 2.7942522e-17 
  1  0.0000043 4.2868969e-10 135.0406036 2.0569459e-17 
  1  0.0000026 2.5702482e-10 131.9636993 1.4354967e-17 
  1  0.0000014 1.4040556e-10 129.3316040 9.5052110e-18 
