! Ref profile made by /home/sergio/OTHERSTUFF/klayersV205_Mars/Data/mars_sergio_rtp.m 
! lay   number   p(atm)   pp(atm)   T(K)   q(kmol/cm2) 
!----------------------------------------------------- 
  1  0.0127252 3.2935143e-04 248.7894745 5.0880952e-13 
  1  0.0125153 3.2391699e-04 248.6050720 5.1299140e-13 
  1  0.0123038 3.1844777e-04 248.4161072 5.1684010e-13 
  1  0.0120909 3.1293379e-04 248.2225037 5.2037899e-13 
  1  0.0118766 3.0738866e-04 248.0241547 5.2361181e-13 
  1  0.0116610 3.0181024e-04 247.8211365 5.2653205e-13 
  1  0.0114444 2.9620319e-04 247.6131897 5.2909814e-13 
  1  0.0112269 2.9057462e-04 247.4004059 5.3135323e-13 
  1  0.0110085 2.8492211e-04 247.1826172 5.3327492e-13 
  1  0.0107895 2.7925160e-04 246.9597626 5.3489082e-13 
  1  0.0105699 2.7356955e-04 246.7317505 5.3619218e-13 
  1  0.0103499 2.6787436e-04 246.4985046 5.3713913e-13 
  1  0.0101296 2.6217604e-04 246.2599945 5.3775045e-13 
  1  0.0099092 2.5647125e-04 246.0160522 5.3810119e-13 
  1  0.0096888 2.5076509e-04 245.7666321 5.3804471e-13 
  1  0.0094685 2.4506508e-04 245.5116272 5.3775154e-13 
  1  0.0092485 2.3936974e-04 245.2509460 5.3704784e-13 
  1  0.0090289 2.3368525e-04 244.9844360 5.3610572e-13 
  1  0.0088098 2.2801424e-04 244.7120667 5.3478435e-13 
  1  0.0085913 2.2236168e-04 244.4336243 5.3319735e-13 
  1  0.0083737 2.1672816e-04 244.1491089 5.3125034e-13 
  1  0.0081570 2.1111796e-04 243.8583069 5.2901390e-13 
  1  0.0079413 2.0553534e-04 243.5610962 5.2646857e-13 
  1  0.0077267 1.9998262e-04 243.2574768 5.2361078e-13 
  1  0.0075135 1.9446368e-04 242.9471741 5.2046106e-13 
  1  0.0073017 1.8898134e-04 242.6300507 5.1702582e-13 
  1  0.0070914 1.8353837e-04 242.3060608 5.1325242e-13 
  1  0.0068828 1.7813906e-04 241.9749146 5.0921344e-13 
  1  0.0066759 1.7278560e-04 241.6365967 5.0490802e-13 
  1  0.0064709 1.6748121e-04 241.2908478 5.0029224e-13 
  1  0.0062680 1.6222771e-04 240.9374847 4.9540623e-13 
  1  0.0060671 1.5702962e-04 240.5763855 4.9027996e-13 
  1  0.0058685 1.5188921e-04 240.2073059 4.8483694e-13 
  1  0.0056723 1.4680908e-04 239.8301086 4.7915215e-13 
  1  0.0054784 1.4179201e-04 239.4445496 4.7324910e-13 
  1  0.0052871 1.3684077e-04 239.0504608 4.6705473e-13 
  1  0.0050984 1.3195803e-04 238.6475525 4.6063999e-13 
  1  0.0049125 1.2714557e-04 238.2356110 4.5398039e-13 
  1  0.0047294 1.2240685e-04 237.8144531 4.4709896e-13 
  1  0.0045492 1.1774291e-04 237.3837433 4.4002318e-13 
  1  0.0043720 1.1315709e-04 236.9432373 4.3267785e-13 
  1  0.0041979 1.0865093e-04 236.4926758 4.2520764e-13 
  1  0.0040270 1.0422685e-04 236.0317230 4.1746722e-13 
  1  0.0038593 9.9886653e-05 235.5600891 4.0957686e-13 
  1  0.0036949 9.5633157e-05 234.7834473 4.0151330e-13 
  1  0.0035339 9.1466289e-05 233.6901093 3.9327599e-13 
  1  0.0033764 8.7388798e-05 232.6097565 3.8486426e-13 
  1  0.0032223 8.3401712e-05 231.5431366 3.7632346e-13 
  1  0.0030719 7.9507052e-05 230.4564514 3.6763314e-13 
  1  0.0029250 7.5706208e-05 229.3491211 3.5879047e-13 
  1  0.0027818 7.2000403e-05 228.2207947 3.4984420e-13 
  1  0.0026424 6.8390560e-05 227.0708160 3.4079258e-13 
  1  0.0025066 6.4878070e-05 225.8988647 3.3161367e-13 
  1  0.0023747 6.1463637e-05 224.7042389 3.2238014e-13 
  1  0.0022466 5.8147885e-05 223.4864655 3.1306449e-13 
  1  0.0021223 5.4931719e-05 222.2448425 3.0364581e-13 
  1  0.0020020 5.1815805e-05 220.9788818 2.9422108e-13 
  1  0.0018854 4.8800350e-05 219.6876678 2.8470832e-13 
  1  0.0017728 4.5885907e-05 218.3710175 2.7516794e-13 
  1  0.0016641 4.3072654e-05 217.0278931 2.6564428e-13 
  1  0.0015594 4.0360414e-05 215.6576691 2.5605895e-13 
  1  0.0014585 3.7749403e-05 214.2592926 2.4651654e-13 
  1  0.0013615 3.5239333e-05 212.8324585 2.3693962e-13 
  1  0.0012684 3.2829932e-05 211.3757935 2.2745082e-13 
  1  0.0011792 3.0520641e-05 209.8887482 2.1797942e-13 
  1  0.0010938 2.8310915e-05 208.3701782 2.0854463e-13 
  1  0.0010123 2.6200165e-05 206.8194427 1.9917454e-13 
  1  0.0009345 2.4187604e-05 205.2350006 1.8989236e-13 
  1  0.0008605 2.2272032e-05 203.6162720 1.8069904e-13 
  1  0.0007902 2.0452435e-05 201.9615021 1.7161657e-13 
  1  0.0007235 1.8727469e-05 200.2700195 1.6264690e-13 
  1  0.0006605 1.7096019e-05 198.5400848 1.5376583e-13 
  1  0.0006010 1.5556494e-05 196.7711792 1.4507037e-13 
  1  0.0005450 1.4107089e-05 194.9605408 1.3653760e-13 
  1  0.0004924 1.2746136e-05 193.1080475 1.2811644e-13 
  1  0.0004432 1.1471950e-05 191.2111816 1.1990665e-13 
  1  0.0003972 1.0282173e-05 189.2689819 1.1190803e-13 
  1  0.0003545 9.1749334e-06 187.2787628 1.0404697e-13 
  1  0.0003148 8.1478756e-06 185.2400208 9.6472282e-14 
  1  0.0002781 7.1985273e-06 183.1489258 8.9084352e-14 
  1  0.0002443 6.3244984e-06 181.0055084 8.1934053e-14 
  1  0.0002134 5.5233145e-06 178.8059692 7.5020238e-14 
  1  0.0001851 4.7920862e-06 176.5500336 6.8394211e-14 
  1  0.0001595 4.1279536e-06 174.2325897 6.2031380e-14 
  1  0.0001363 3.5280361e-06 171.8544159 5.5931845e-14 
  1  0.0001155 2.9894650e-06 169.4103699 5.0120545e-14 
  1  0.0000969 2.5089735e-06 166.9014435 4.4624403e-14 
  1  0.0000805 2.0834389e-06 164.3209534 3.9417742e-14 
  1  0.0000660 1.7096006e-06 161.6725159 3.4526832e-14 
  1  0.0000535 1.3842066e-06 158.9487457 2.9951956e-14 
  1  0.0000426 1.1037282e-06 156.1553802 2.5719652e-14 
  1  0.0000334 8.6480026e-07 153.2835541 2.1805184e-14 
  1  0.0000256 6.6402720e-07 150.3478241 1.8209401e-14 
  1  0.0000192 4.9802645e-07 147.3406982 1.4958575e-14 
  1  0.0000140 3.6314296e-07 144.2887726 1.2053980e-14 
  1  0.0000099 2.5601449e-07 141.1882782 9.4712836e-15 
  1  0.0000067 1.7309897e-07 138.1019287 7.2371139e-15 
  1  0.0000043 1.1103064e-07 135.0406036 5.3274908e-15 
  1  0.0000026 6.6569434e-08 131.9636993 3.7179368e-15 
  1  0.0000014 3.6365048e-08 129.3316040 2.4618500e-15 
