! Ref profile made by /home/sergio/OTHERSTUFF/klayersV205_Mars/Data/mars_sergio_rtp.m 
! lay   number   p(atm)   pp(atm)   T(K)   q(kmol/cm2) 
!----------------------------------------------------- 
  1  0.0127252 7.6297629e-06 248.7894745 1.1787094e-14 
  1  0.0125153 7.5038670e-06 248.6050720 1.1883970e-14 
  1  0.0123038 7.3771689e-06 248.4161072 1.1973129e-14 
  1  0.0120909 7.2494327e-06 248.2225037 1.2055113e-14 
  1  0.0118766 7.1209715e-06 248.0241547 1.2130002e-14 
  1  0.0116610 6.9917442e-06 247.8211365 1.2197656e-14 
  1  0.0114444 6.8618497e-06 247.6131897 1.2257099e-14 
  1  0.0112269 6.7314591e-06 247.4004059 1.2309341e-14 
  1  0.0110085 6.6005132e-06 247.1826172 1.2353861e-14 
  1  0.0107895 6.4691499e-06 246.9597626 1.2391294e-14 
  1  0.0105699 6.3375205e-06 246.7317505 1.2421443e-14 
  1  0.0103499 6.2055842e-06 246.4985046 1.2443378e-14 
  1  0.0101296 6.0735765e-06 246.2599945 1.2457540e-14 
  1  0.0099092 5.9414178e-06 246.0160522 1.2465662e-14 
  1  0.0096888 5.8092301e-06 245.7666321 1.2464357e-14 
  1  0.0094685 5.6771828e-06 245.5116272 1.2457563e-14 
  1  0.0092485 5.5452447e-06 245.2509460 1.2441263e-14 
  1  0.0090289 5.4135580e-06 244.9844360 1.2419439e-14 
  1  0.0088098 5.2821824e-06 244.7120667 1.2388826e-14 
  1  0.0085913 5.1512361e-06 244.4336243 1.2352062e-14 
  1  0.0083737 5.0207300e-06 244.1491089 1.2306957e-14 
  1  0.0081570 4.8907641e-06 243.8583069 1.2255149e-14 
  1  0.0079413 4.7614367e-06 243.5610962 1.2196184e-14 
  1  0.0077267 4.6328018e-06 243.2574768 1.2129979e-14 
  1  0.0075135 4.5049501e-06 242.9471741 1.2057013e-14 
  1  0.0073017 4.3779469e-06 242.6300507 1.1977434e-14 
  1  0.0070914 4.2518545e-06 242.3060608 1.1890016e-14 
  1  0.0068828 4.1267735e-06 241.9749146 1.1796451e-14 
  1  0.0066759 4.0027548e-06 241.6365967 1.1696710e-14 
  1  0.0064709 3.8798735e-06 241.2908478 1.1589780e-14 
  1  0.0062680 3.7581701e-06 240.9374847 1.1476591e-14 
  1  0.0060671 3.6377521e-06 240.5763855 1.1357838e-14 
  1  0.0058685 3.5186692e-06 240.2073059 1.1231744e-14 
  1  0.0056723 3.4009829e-06 239.8301086 1.1100050e-14 
  1  0.0054784 3.2847568e-06 239.4445496 1.0963298e-14 
  1  0.0052871 3.1700563e-06 239.0504608 1.0819800e-14 
  1  0.0050984 3.0569427e-06 238.6475525 1.0671197e-14 
  1  0.0049125 2.9454575e-06 238.2356110 1.0516919e-14 
  1  0.0047294 2.8356799e-06 237.8144531 1.0357504e-14 
  1  0.0045492 2.7276353e-06 237.3837433 1.0193588e-14 
  1  0.0043720 2.6213997e-06 236.9432373 1.0023425e-14 
  1  0.0041979 2.5170100e-06 236.4926758 9.8503698e-15 
  1  0.0040270 2.4145215e-06 236.0317230 9.6710546e-15 
  1  0.0038593 2.3139762e-06 235.5600891 9.4882666e-15 
  1  0.0036949 2.2154402e-06 234.7834473 9.3014670e-15 
  1  0.0035339 2.1189101e-06 233.6901093 9.1106415e-15 
  1  0.0033764 2.0244511e-06 232.6097565 8.9157748e-15 
  1  0.0032223 1.9320864e-06 231.5431366 8.7179189e-15 
  1  0.0030719 1.8418624e-06 230.4564514 8.5165986e-15 
  1  0.0029250 1.7538117e-06 229.3491211 8.3117497e-15 
  1  0.0027818 1.6679629e-06 228.2207947 8.1044976e-15 
  1  0.0026424 1.5843376e-06 227.0708160 7.8948104e-15 
  1  0.0025066 1.5029668e-06 225.8988647 7.6821704e-15 
  1  0.0023747 1.4238680e-06 224.7042389 7.4682658e-15 
  1  0.0022466 1.3470556e-06 223.4864655 7.2524596e-15 
  1  0.0021223 1.2725495e-06 222.2448425 7.0342656e-15 
  1  0.0020020 1.2003660e-06 220.9788818 6.8159318e-15 
  1  0.0018854 1.1305101e-06 219.6876678 6.5955597e-15 
  1  0.0017728 1.0629941e-06 218.3710175 6.3745472e-15 
  1  0.0016641 9.9782221e-07 217.0278931 6.1539222e-15 
  1  0.0015594 9.3499051e-07 215.6576691 5.9318687e-15 
  1  0.0014585 8.7450348e-07 214.2592926 5.7108084e-15 
  1  0.0013615 8.1635523e-07 212.8324585 5.4889484e-15 
  1  0.0012684 7.6053908e-07 211.3757935 5.2691315e-15 
  1  0.0011792 7.0704181e-07 209.8887482 5.0497165e-15 
  1  0.0010938 6.5585130e-07 208.3701782 4.8311498e-15 
  1  0.0010123 6.0695368e-07 206.8194427 4.6140820e-15 
  1  0.0009345 5.6033059e-07 205.2350006 4.3990504e-15 
  1  0.0008605 5.1595441e-07 203.6162720 4.1860783e-15 
  1  0.0007902 4.7380161e-07 201.9615021 3.9756737e-15 
  1  0.0007235 4.3384105e-07 200.2700195 3.7678821e-15 
  1  0.0006605 3.9604680e-07 198.5400848 3.5621428e-15 
  1  0.0006010 3.6038216e-07 196.7711792 3.3607042e-15 
  1  0.0005450 3.2680512e-07 194.9605408 3.1630334e-15 
  1  0.0004924 2.9527737e-07 193.1080475 2.9679490e-15 
  1  0.0004432 2.6575944e-07 191.2111816 2.7777601e-15 
  1  0.0003972 2.3819709e-07 189.2689819 2.5924642e-15 
  1  0.0003545 2.1254671e-07 187.2787628 2.4103544e-15 
  1  0.0003148 1.8875386e-07 185.2400208 2.2348791e-15 
  1  0.0002781 1.6676124e-07 183.1489258 2.0637301e-15 
  1  0.0002443 1.4651347e-07 181.0055084 1.8980863e-15 
  1  0.0002134 1.2795323e-07 178.8059692 1.7379206e-15 
  1  0.0001851 1.1101357e-07 176.5500336 1.5844217e-15 
  1  0.0001595 9.5628280e-08 174.2325897 1.4370205e-15 
  1  0.0001363 8.1730548e-08 171.8544159 1.2957183e-15 
  1  0.0001155 6.9254014e-08 169.4103699 1.1610937e-15 
  1  0.0000969 5.8122932e-08 166.9014435 1.0337699e-15 
  1  0.0000805 4.8264994e-08 164.3209534 9.1315223e-16 
  1  0.0000660 3.9604643e-08 161.6725159 7.9984935e-16 
  1  0.0000535 3.2066559e-08 158.9487457 6.9386763e-16 
  1  0.0000426 2.5568996e-08 156.1553802 5.9582214e-16 
  1  0.0000334 2.0033982e-08 153.2835541 5.0513937e-16 
  1  0.0000256 1.5382868e-08 150.3478241 4.2183937e-16 
  1  0.0000192 1.1537298e-08 147.3406982 3.4653079e-16 
  1  0.0000140 8.4125782e-09 144.2887726 2.7924275e-16 
  1  0.0000099 5.9308385e-09 141.1882782 2.1941200e-16 
  1  0.0000067 4.0100145e-09 138.1019287 1.6765514e-16 
  1  0.0000043 2.5721385e-09 135.0406036 1.2341678e-16 
  1  0.0000026 1.5421489e-09 131.9636993 8.6129804e-17 
  1  0.0000014 8.4243340e-10 129.3316040 5.7031271e-17 
