! Ref profile made by /home/sergio/OTHERSTUFF/klayersV205_Mars/Data/mars_sergio_rtp.m 
! lay   number   p(atm)   pp(atm)   T(K)   q(kmol/cm2) 
!----------------------------------------------------- 
  1  0.0127252 2.6704172e-06 248.7894745 4.1254829e-15 
  1  0.0125153 2.6263540e-06 248.6050720 4.1593900e-15 
  1  0.0123038 2.5820088e-06 248.4161072 4.1905947e-15 
  1  0.0120909 2.5373013e-06 248.2225037 4.2192892e-15 
  1  0.0118766 2.4923399e-06 248.0241547 4.2455007e-15 
  1  0.0116610 2.4471103e-06 247.8211365 4.2691795e-15 
  1  0.0114444 2.4016470e-06 247.6131897 4.2899843e-15 
  1  0.0112269 2.3560101e-06 247.4004059 4.3082688e-15 
  1  0.0110085 2.3101791e-06 247.1826172 4.3238504e-15 
  1  0.0107895 2.2642023e-06 246.9597626 4.3369523e-15 
  1  0.0105699 2.2181318e-06 246.7317505 4.3475050e-15 
  1  0.0103499 2.1719538e-06 246.4985046 4.3551817e-15 
  1  0.0101296 2.1257515e-06 246.2599945 4.3601389e-15 
  1  0.0099092 2.0794962e-06 246.0160522 4.3629816e-15 
  1  0.0096888 2.0332304e-06 245.7666321 4.3625250e-15 
  1  0.0094685 1.9870140e-06 245.5116272 4.3601470e-15 
  1  0.0092485 1.9408355e-06 245.2509460 4.3544422e-15 
  1  0.0090289 1.8947454e-06 244.9844360 4.3468033e-15 
  1  0.0088098 1.8487639e-06 244.7120667 4.3360891e-15 
  1  0.0085913 1.8029325e-06 244.4336243 4.3232214e-15 
  1  0.0083737 1.7572553e-06 244.1491089 4.3074344e-15 
  1  0.0081570 1.7117673e-06 243.8583069 4.2893016e-15 
  1  0.0079413 1.6665026e-06 243.5610962 4.2686640e-15 
  1  0.0077267 1.6214804e-06 243.2574768 4.2454918e-15 
  1  0.0075135 1.5767324e-06 242.9471741 4.2199541e-15 
  1  0.0073017 1.5322811e-06 242.6300507 4.1921012e-15 
  1  0.0070914 1.4881491e-06 242.3060608 4.1615059e-15 
  1  0.0068828 1.4443707e-06 241.9749146 4.1287571e-15 
  1  0.0066759 1.4009645e-06 241.6365967 4.0938487e-15 
  1  0.0064709 1.3579555e-06 241.2908478 4.0564226e-15 
  1  0.0062680 1.3153596e-06 240.9374847 4.0168068e-15 
  1  0.0060671 1.2732131e-06 240.5763855 3.9752429e-15 
  1  0.0058685 1.2315342e-06 240.2073059 3.9311100e-15 
  1  0.0056723 1.1903441e-06 239.8301086 3.8850170e-15 
  1  0.0054784 1.1496649e-06 239.4445496 3.8371545e-15 
  1  0.0052871 1.1095195e-06 239.0504608 3.7869297e-15 
  1  0.0050984 1.0699299e-06 238.6475525 3.7349194e-15 
  1  0.0049125 1.0309101e-06 238.2356110 3.6809219e-15 
  1  0.0047294 9.9248803e-07 237.8144531 3.6251269e-15 
  1  0.0045492 9.5467226e-07 237.3837433 3.5677553e-15 
  1  0.0043720 9.1748984e-07 236.9432373 3.5081985e-15 
  1  0.0041979 8.8095345e-07 236.4926758 3.4476293e-15 
  1  0.0040270 8.4508241e-07 236.0317230 3.3848690e-15 
  1  0.0038593 8.0989179e-07 235.5600891 3.3208935e-15 
  1  0.0036949 7.7540392e-07 234.7834473 3.2555129e-15 
  1  0.0035339 7.4161846e-07 233.6901093 3.1887239e-15 
  1  0.0033764 7.0855782e-07 232.6097565 3.1205208e-15 
  1  0.0032223 6.7623006e-07 231.5431366 3.0512710e-15 
  1  0.0030719 6.4465172e-07 230.4564514 2.9808093e-15 
  1  0.0029250 6.1383406e-07 229.3491211 2.9091118e-15 
  1  0.0027818 5.8378708e-07 228.2207947 2.8365746e-15 
  1  0.0026424 5.5451801e-07 227.0708160 2.7631833e-15 
  1  0.0025066 5.2603843e-07 225.8988647 2.6887593e-15 
  1  0.0023747 4.9835376e-07 224.7042389 2.6138929e-15 
  1  0.0022466 4.7146935e-07 223.4864655 2.5383608e-15 
  1  0.0021223 4.4539229e-07 222.2448425 2.4619930e-15 
  1  0.0020020 4.2012815e-07 220.9788818 2.3855762e-15 
  1  0.0018854 3.9567851e-07 219.6876678 2.3084458e-15 
  1  0.0017728 3.7204785e-07 218.3710175 2.2310911e-15 
  1  0.0016641 3.4923778e-07 217.0278931 2.1538724e-15 
  1  0.0015594 3.2724660e-07 215.6576691 2.0761538e-15 
  1  0.0014585 3.0607620e-07 214.2592926 1.9987826e-15 
  1  0.0013615 2.8572433e-07 212.8324585 1.9211321e-15 
  1  0.0012684 2.6618864e-07 211.3757935 1.8441959e-15 
  1  0.0011792 2.4746461e-07 209.8887482 1.7674007e-15 
  1  0.0010938 2.2954791e-07 208.3701782 1.6909022e-15 
  1  0.0010123 2.1243376e-07 206.8194427 1.6149286e-15 
  1  0.0009345 1.9611571e-07 205.2350006 1.5396678e-15 
  1  0.0008605 1.8058401e-07 203.6162720 1.4651272e-15 
  1  0.0007902 1.6583056e-07 201.9615021 1.3914857e-15 
  1  0.0007235 1.5184439e-07 200.2700195 1.3187588e-15 
  1  0.0006605 1.3861637e-07 198.5400848 1.2467499e-15 
  1  0.0006010 1.2613374e-07 196.7711792 1.1762463e-15 
  1  0.0005450 1.1438181e-07 194.9605408 1.1070618e-15 
  1  0.0004924 1.0334706e-07 193.1080475 1.0387820e-15 
  1  0.0004432 9.3015792e-08 191.2111816 9.7221595e-16 
  1  0.0003972 8.3368967e-08 189.2689819 9.0736234e-16 
  1  0.0003545 7.4391345e-08 187.2787628 8.4362406e-16 
  1  0.0003148 6.6063848e-08 185.2400208 7.8220761e-16 
  1  0.0002781 5.8366432e-08 183.1489258 7.2230544e-16 
  1  0.0002443 5.1279709e-08 181.0055084 6.6433022e-16 
  1  0.0002134 4.4783636e-08 178.8059692 6.0827220e-16 
  1  0.0001851 3.8854751e-08 176.5500336 5.5454760e-16 
  1  0.0001595 3.3469895e-08 174.2325897 5.0295721e-16 
  1  0.0001363 2.8605694e-08 171.8544159 4.5350139e-16 
  1  0.0001155 2.4238906e-08 169.4103699 4.0638280e-16 
  1  0.0000969 2.0343025e-08 166.9014435 3.6181947e-16 
  1  0.0000805 1.6892745e-08 164.3209534 3.1960327e-16 
  1  0.0000660 1.3861626e-08 161.6725159 2.7994725e-16 
  1  0.0000535 1.1223297e-08 158.9487457 2.4285366e-16 
  1  0.0000426 8.9491490e-09 156.1553802 2.0853772e-16 
  1  0.0000334 7.0118933e-09 153.2835541 1.7679877e-16 
  1  0.0000256 5.3840026e-09 150.3478241 1.4764375e-16 
  1  0.0000192 4.0380530e-09 147.3406982 1.2128575e-16 
  1  0.0000140 2.9444021e-09 144.2887726 9.7734969e-17 
  1  0.0000099 2.0757931e-09 141.1882782 7.6794191e-17 
  1  0.0000067 1.4035053e-09 138.1019287 5.8679299e-17 
  1  0.0000043 9.0024849e-10 135.0406036 4.3195868e-17 
  1  0.0000026 5.3975230e-10 131.9636993 3.0145436e-17 
  1  0.0000014 2.9485170e-10 129.3316040 1.9960945e-17 
